cam0:
  cam_overlaps: [1]
  camera_model: pinhole
  distortion_coeffs: [-6.545154718304953e-06, -0.010379525898159981, 0.014935312423953146,
    -0.005639061406567785]
  distortion_model: equidistant
  intrinsics: [275.46015578667294, 274.9948095922592, 315.958384100568, 242.7123497822731]
  resolution: [640, 480]
  rostopic: /snappy_cam/stereo_l
cam1:
  T_cn_cnm1:
  - [0.9998713028057828, 0.0019367839962957476, 0.015925661468614183, -0.07993259169905036]
  - [-0.002045061204571096, 0.9999748874354258, 0.0067854420026733295, -7.205400304978925e-05]
  - [-0.01591211959893364, -0.006817137687752675, 0.9998501543149404, -0.0009141881692325364]
  - [0.0, 0.0, 0.0, 1.0]
  cam_overlaps: [0]
  camera_model: pinhole
  distortion_coeffs: [-0.012138050918285051, 0.02244029339184358, -0.013753165428754275,
    0.002725090438517269]
  distortion_model: equidistant
  intrinsics: [274.4628309070672, 273.9261674470783, 315.93654481793794, 235.779167375461]
  resolution: [640, 480]
  rostopic: /snappy_cam/stereo_r
